spawn:
  x: 0.5
  y: 70
  z: 0.5
  pitch: 4.9763517
  yaw: -231.77802
  world: world
